23
22
30
42
31
15
25
26
10
22
28
34
24
32
33
35
33
28
30
24
29
18
26
26
28
20
33
21
27
39
22
22
23
33
18
24
25
32
20
28
26
22
18
19
32
27
21
25
24
24
27
29
19
32
25
33
27
33
26
36
26
26
23
23
22
37
29
22
33
25
47
26
18
29
19
21
21
24
20
23
20
25
15
21
19
22
31
24
22
34
28
34
24
39
36
24
33
27
28
24
21
39
21
30
24
25
21
26
28
19
25
18
28
23
24
30
28
14
25
30
44
23
37
21
16
20
23
32
28
21
28
18
27
34
25
31
31
31
25
24
31
22
25
31
16
20
26
29
19
25
35
16
33
27
28
30
21
25
20
27
35
30
26
27
22
21
28
25
29
27
21
38
21
37
24
22
22
22
25
26
26
28
22
28
28
17
19
34
25
25
34
23
29
25
31
24
29
24
35
37